100006.30827090144
100027.11513496259
100000.48559366714
100013.63526815061
100006.28764029828
100000.98002193753
100002.89755424499
99974.2374671791
100012.38715202914
100018.67427181506
100001.52083280616
99989.69050945509
100028.28015956207
100002.64043153496
100007.08404962612
100001.41419647394
99998.47378586359
100021.71720093024
100001.07681782766
99996.4978438292
100003.6651614667
100000.32280873932
100023.07430672573
99968.95517500174
100007.22144362982
99991.33258625364
99981.21044800719
100016.24784558317
100012.84460787004
100005.27326321595
99988.0385420075
100004.86884693611
100000.46636884012
99998.97259657561
99989.82622972097
100008.09390597169
99998.71751712933
100004.27850004075
99998.11805472281
100007.2580683327
99996.7701016593
100007.49711440799
99996.88180976022
99999.46183696332
100012.90421619314
99988.69408575485
100022.17518700552
99999.38828317336
99997.67671476396
100002.10305455158
100035.76757616602
100003.65148138386
100009.7785558984
99993.82489730082
99991.63856340939
100002.34945302286
99992.31122437389
99997.0332202313
99999.39413947401
100009.12067477126
100029.05236305638
100035.34541923396
100004.18829113901
100004.74296507702
100018.58038125625
99994.3763011401
100015.14211511546
99997.7527861062
100000.80940454951
100002.26908010402
100000.42269109093
100000.20336862569
99997.69230958087
100005.9645094911
99996.6742463739
99988.05063181122
100020.94176260062
100000.8567236502
99986.6965136373
99997.75660004602
100012.4339575788
100013.30270460767
100008.13619962048
100005.07930988321
99993.85401693605
99982.18993394863
100000.06457515963
100008.85852741594
100002.87677425728
100018.20578519654
99998.33154190214
99997.66053648676
100024.88081682687
99999.94477049995
99995.79465894896
100001.60151545987
100032.79634840615
100000.06125346778
100012.83328065604
100002.06433794525
99985.5776268575
99979.38859570018
99988.28533066732
100004.51943339463
99998.69411867534
100005.43855244224
100005.79498539054
100025.41297689914
99987.2737656663
100000.36826660148
99986.44523615982
100000.2714339026
99947.57201213422
99994.60541664565
100008.51218294793
99995.78525774297
100036.21315564984
99997.31388902212
100010.79530744803
100001.9903996182
100014.72216382557
100000.26448680185
100023.77402525184
100001.26468126672
100005.2778161465
100005.21674484367
100005.03894158817
99958.07397235504
99990.2846640511
99988.1724883793
100000.00707371946
100023.36913609812
100003.6830901056
100004.92520339473
100000.97083375577
99988.5988084332
99977.75488115071
99988.58081809523
99991.59711383675
100003.91153405434
100022.25820238068
100008.13931154032
100004.1206094415
99992.8342951766
100007.6869681433
99999.06066852275
100012.80950884982
100003.88722080701
100002.32576499859
100000.66977126684
99973.12946307471
99974.80208488199
99996.31261392125
99997.70219404843
99999.42459513411
100005.65740172322
100019.98557698619
99973.65659551861
99980.2724104941
99999.34193826097
99980.0977854936
99997.5017045324
99938.07271760468
100015.91846333085
100002.358353837
99985.80973065845
100000.7703937589
99998.34358039834
99999.81708672452
99987.58516619002
100009.12502197504
99985.71331222737
100026.82008883392
99969.89507596556
100050.59661805109
99997.52614372638
99998.10721051326
99984.01614299261
99998.6874223267
99990.70395821561
99975.75804139469
100021.80679273361
99996.76225364128
99995.83495954105
99995.47892125275
99999.84482124708
99997.06726111997
100021.66108366959
100008.56034025353
100040.2814806255
99975.11041322479
99996.36044041933
100007.65379007328
100001.41523247397
100021.28334366188
100008.26410722475
99955.63787942735
99978.30530743941
99989.60604994289
100003.25654313766
99993.94555495188
99999.12770577405
99991.05953440716
99997.70274655877
100000.69159664963
99980.25632881213
99999.23163051321
99991.34119999995
99986.09708978736
99991.7334281087
99986.88925871505
100016.91015391675
99984.26197154049
99988.48588376252
99979.3957309855
100014.08546828698
100004.65616380575
99999.77134128644
100002.97600673357
99979.04799327707
99998.72253354406
99991.87862679397
99985.24768738823
99975.67366675526
100003.74422075627
99995.86994857484
100013.64681371645
100027.30197901414
99979.0065750405
99997.7035648694
99995.40187125973
100007.004181677
100008.79809277308
100005.51838204545
100000.85013722138
100011.99855057838
99994.9321331686
100019.6087983782
99985.45875802492
100000.32426935267
100002.30620003596
99987.14565356105
99996.12463474323
99995.80505838103
99975.69457565196
100022.27460093102
100037.46048392881
99998.50939562763
99999.99044445624
100021.46318468126
99997.3532506023
100006.29187096232
100004.26949579797
100003.07747536447
99994.36923421518
99978.18593890892
100018.14875328795
100005.78771976434
100018.34689558086
100020.54106242533
100006.51210750779
99995.24261659014
99990.75180154992
100001.79557201776
100016.63895311591
99998.44978308865
100014.77251497567
99991.62258794761
100011.00070413601
100018.30897717526
99994.9064494747
100007.62012117218
100003.94810024176
100002.85858432394
100009.61595618479
100003.71803570206
99990.22049471727
99997.7368319125
99989.48522962812
99988.34119180137
100001.4573493533
99996.81964010597
100001.00620951991
100001.10024475722
99999.62878472405
99999.40761772163
100003.25648300805
99981.46089460888
99987.747202245
99993.05644866699
99997.04201257737
99997.03582254944
99996.86818166515
99995.96551483254
99978.36905363279
100018.05220502311
100000.47284844721
99986.81302386521
100014.28480054068
100005.73439692493
99990.87082124033
100006.78335396391
99992.77896135871
99988.78646963774
100010.42717835256
100028.08009770361
99993.48747289568
100011.13108649327
100000.2566074776
99968.84455446363
99998.89878918094
100006.33602568286
99977.72658254487
99995.5395515167
99997.52286409323
99987.06532576778
100003.85236542339
99998.38428543042
100022.44406670271
99982.93760082839
100020.4057940712
99963.51983234867
99993.95627398387
99993.44977294494
99991.64093458277
99999.29822954333
100005.38089120196
100002.42781200552
99991.24167636131
99999.04226506739
99995.54142809106
99987.83293377822
100001.56044435657
100002.23853204014
100003.66455619982
100006.54808719562
100016.35953781755
99982.82670392642
100027.16483754294
100004.00299210235
99992.77472081571
100010.86732520386
99961.93358151102
99999.10782827555
99980.04284132214
100000.41869951073
99986.77752554559
99992.1717353523
99997.77196039514
100005.59226409851
99993.30667268473
99999.09772062772
99999.44139708034
100007.7991878178
99968.26535000818
100031.28683889912
99985.24882555283
99993.51699780751
99987.31260084765
100003.75564593312
100007.64379040695
99991.22687078705
100007.02105689708
100026.90675298363
100009.74409273677
99993.16353847965
99995.39739846076
99999.2235204357
100002.48140064432
100002.60899472798
99996.37761012942
100014.11151457769
99998.83347399307
99998.80344568405
99974.86975598522
99995.40970929337
99993.50093134609
100017.64370225219
100000.96192828265
100008.2081986419
100014.6925958748
99989.93297246902
99999.68011440833
99965.02391430024
99987.22559546022
99976.29256207676
100024.6328278318
99997.57824932277
99967.09173067738
100018.81854771597
99985.3090198017
99995.45657805675
100011.65435303134
99999.97253851405
99979.83617476345
99997.58917040279
99980.0354621481
99987.67950584173
100004.48553124811
99995.43172734014
99987.41068226495
100035.19459406215
100001.42957267561
99992.84301506683
100002.7794967544
99989.36408400998
99994.14679125887
99983.75583488954
99998.23184556594
100008.38694885733
100000.78360082912
99977.48493331454
100014.31775013475
99997.66384315012
99964.74350159921
99989.41155608215
99983.58901551663
99991.83209361714
100026.30599420896
100022.88274964214
100002.79596316512
99997.77201457997
100007.12202751532
99990.1371697996
100000.30073690282
100009.68837516964
99982.9317546193
100000.07405879284
99997.06857969784
99999.80766039048
99999.20866206208
99997.88925249709
100008.00278681108
100000.92896072907
99985.81484741162
100003.89155725401
99994.99990994242
99985.88725895519
100002.94273277315
99999.64542857568
99978.10126443573
100011.26798661049
100007.03994327037
100005.41507069088
99995.87147455776
100006.22788646324
99994.51612979162
99947.41223445917
100014.65301238718
100002.8418836312
99977.86409956892
100007.75828894856
100021.72030067483
99999.46769050669
99987.25242635123
99994.76446226478
100014.30778324255
99983.92700036798
99989.97297171455
99995.59436091247
99992.3153725004
99996.61362190913
99992.13538885537
99974.69479780855
99999.17422212762
100003.08674099213
99998.70873816127
99992.9536612864
100003.4268176372
99994.16110257723
100006.6885422107
99986.45639501838
99959.24726950341
99995.09106669277
99988.78536277174
100016.8088859468
100023.28296337268
99999.50692258275
99997.78747817242
99995.85353634619
99962.69316522827
100002.98773744234
100028.12854231347
100006.6903468197
100018.36408096808
100012.73074989191
100016.20277373311
99991.29331277955
100003.891803081
100015.44732580696
100010.69626787289
100017.44257568559
99991.71446372989
100007.66466023953
100047.45295197921
100011.25031631188
99998.12821209352
100004.51714466576
99999.45000561446
99998.6410253995
99966.65436207398
100002.43970438586
100003.05346931363
100008.0262456046
99971.51264324704
99972.4048632506
100003.91910829059
99997.57973384965
100010.34226255822
100017.67871195951
100004.78115744176
100011.065171682
100001.1323434589
100006.89329028851
100007.79878011646
100002.83589950623
99955.57270177311
99994.77900976856
100009.89371966712
99985.088690518
100008.68067282255
99997.13312157945
99992.15045653915
99999.52867722845
100001.46547032923
100008.98043279097
100010.57104842867
100009.7840479546
100005.70053606955
99995.1200847391
99994.58888854449
99980.68036288416
100002.30813396416
99987.69616449956
99992.48741817499
99995.90566101031
99997.2417105006
100001.42376983828
100003.84874118239
100002.10450622349
100033.97259415498
99998.46576949129
99996.03646086351
99987.13449251735
100006.59440787713
100006.03551648982
99998.53378712262
99985.43521346716
100007.30672523781
100003.3057033111
99997.5769957408
100017.17876187447
99957.07197063163
99999.73735580503
100015.81649759682
99998.84218792907
100007.89127304962
100003.7330203889
99998.17911688158
99999.33078753679
100016.31908566624
99997.8280633037
100004.22543568893
100000.02387728292
100036.17823169331
99983.22332791485
99974.01415510362
100028.38238795161
99998.38885532963
99993.58814643892
100004.29068825848
100005.77252457532
99970.60437680651
100001.93673275401
100023.64664320227
100016.20921664334
100001.27588738139
100003.01101456917
99998.62250892518
100032.61587305018
99998.74084458049
100025.50642301224
99999.62514589824
99995.48550144845
99998.97493374134
99966.49688019454
99993.33610985511
100001.53737927211
99989.42259840264
100008.9061954554
100004.93418839292
100015.5187862166
100001.10621973152
99992.41232027966
100005.14524429015
100004.0202392101
100007.01820375191
100017.139224091
100003.41637859987
99991.96338576317
99992.23935596204
99997.02322631834
100019.38116733417
100011.45770277028
100004.79080872741
99992.81227634013
99989.80331547449
100017.83458417712
99996.10689225543
100022.35202208784
99996.89024518887
99985.52874740945
100002.38806745941
100003.05476927644
100012.24024731002
100024.73652366236
99993.36435661226
100005.05548716473
99992.13923144304
99970.13713057546
100001.16062422289
100040.40264861009
99998.06243395575
100012.70431163763
100015.41712711481
100000.70222996188
99996.7121625246
99990.76409475629
99981.06929109225
99997.96294047279
99997.52120370344
99981.05205112266
99987.73950510744
99986.37621277139
100021.04050055398
100064.49039950594
99999.02658088066
100002.83102106287
99994.19883531555
99990.85509423933
99996.3550941506
100004.3363594938
100000.06493533055
100004.01570809013
100005.08684435471
99998.40392611608
100009.02890024803
99998.92066649816
99987.7821600554
99994.80081219597
100010.4939984061
99999.76690135321
100006.45693978482
99998.84763370013
100006.4632677084
100016.60945879685
99997.40466124426
100002.0586290082
99985.99787260544
100000.35694168703
99995.44329204017
100011.75281689956
100018.57138857289
99977.81850726962
99998.10969319065
100012.33805240205
99985.4417054041
99994.5720441115
99986.45066093988
99998.35106007085
100006.08657303444
99982.99984879365
99997.45911059662
99998.36131923526
99998.12645724718
99983.23762136813
100003.47179954512
100002.52493550605
100005.74714793112
100000.08130602575
99969.7427800012
100005.50228815696
100006.93923883882
99992.93153762708
99989.50520256726
100013.86736807637
100012.33154024743
99998.65392789475
99995.60271740114
99996.60397478123
100001.09120189893
100018.03070289352
100002.6790900502
99968.62117457719
100009.06815257465
99995.86900644767
100006.86998785856
99976.55066558035
99996.55310015177
100026.05222987969
99999.09452825086
100016.75312154379
100009.63858446466
99996.11305511063
99997.50619192423
99999.96688777725
100001.08563346161
99994.76951195665
99998.96047489131
99975.03035870205
100006.07834543237
99969.07328791954
100001.43875064423
99979.18058057524
100036.40970925047
99994.32229220444
100000.90416258953
100002.40953626936
100000.99927840962
100010.35071434328
99998.19836539446
100000.29339104336
100014.71743043412
100004.01983598009
99999.79841757096
99996.93899725845
99981.77311284632
100009.51682841165
100021.12729635698
99999.5192851147
100002.83392073309
100000.19680483884
100005.06038527368
100037.42663660792
99991.37239904703
99990.84132487825
99947.70805472789
100054.7253624121
100011.48137751942
100004.66894865893
100008.37677449742
99993.03642273272
99992.51290609091
99990.0137990518
100010.40839837943
100008.57436198558
99997.59737279091
99997.1124213927
99996.06808790236
100004.24830184922
100009.34483685432
99999.62313257446
99997.89228050127
100002.24717058487
100003.21263375673
99983.2170128026
99998.12454812604
99975.845790794
100019.62360569202
99991.44626887476
99998.77127076393
99993.92578615855
100001.44886399581
100007.44339720465
99992.29657108706
99996.0835327616
100002.64488543176
100000.66226702304
99990.38861973249
100017.25213176043
99994.28105005776
99994.51840674714
100001.78324526463
100000.92515072001
100001.0753416302
100000.87623372293
100009.37489483191
100006.44705429993
99994.759616913
99989.87310168546
99999.27190982907
100016.32774511154
99997.80045976483
100033.31483426478
100002.97061646075
99981.84337987035
99990.25654615436
100004.85677172549
99998.52363821246
99972.53132693046
99990.63320546452
99990.74399213283
100028.51847360312
99970.26258259628
99983.4213368826
100035.51704091024
99987.35213233672
99999.3627774919
99994.81822179753
100014.82557956305
100010.65593199916
99991.16550622474
100000.74234049185
100011.07090794123
100003.23067424745
99984.17592559107
99999.2866277394
99985.47999995033
99981.23736586444
99993.67824847835
99982.25411602568
99996.2982873411
100011.30068620904
99965.32541194433
100000.12104014897
99986.77202503652
100003.21048853316
99998.98510453539
99997.27437925585
99991.16401785023
100006.36111381442
99992.06740761004
99965.33542147833
99998.46430504917
99983.34819055673
100014.09467436835
100029.9962219403
100028.14007019438
100010.00952487861
100010.9877904495
100005.5247562948
100002.30764022573
99994.43294961321
100019.59002409158
100000.44130612076
100012.33880327709
99990.69663953315
99979.34010103293
100012.4911663422
99999.84008194642
99996.66381648487
99995.6937589189
100009.4098117057
100001.73603337271
100028.39269106864
100005.76326297043
99993.60116497644
99981.48843695068
100008.17969979845
99995.81021718911
99984.8093969048
100006.04859850346
99993.80173157493
100000.65246672774
99997.85991986857
100004.40163243157
100010.66741812484
100002.65371927875
99998.44954184345
99986.24170618287
100000.86898082244
100017.66612044544
99983.20427679615
100016.41627643578
99974.13375218898
99994.64378042151
99961.58400455477
100007.86264591577
100001.02018790695
100002.74646344107
99994.06447330366
100016.58344010888
99984.9139623811
100001.29458404021
100007.00487243413
100007.58035109744
100001.45029806677
100009.04860472989
99997.62448001775
99997.53092263093
100008.91849514669
100000.95532953885
100018.25454945669
100008.40631445464
99995.43806730349
100024.14484105422
100011.88847605551
100018.49290769745
99992.12832987575
100007.6796587211
100005.89270178918
100001.7228731102
99983.11428694335
99995.61452810172
99976.03519923784
100034.31032056
99992.67617052102
100007.85342665359
99991.7683874219
100071.16747334687
100002.73930619241
99985.42169818093
100000.96038967432
99996.1992240978
99986.78841780538
99997.86553149995
99979.56396614156
99975.92304443583
99985.85710467718
99991.30386327558
100008.47427761734
99988.8712931933
99998.04414633173
99992.83351326418
100002.16212540754
99998.81040591864
99983.7737145756
100005.1276756905
100016.26245969518
99998.49338666053
100034.76016569167
100004.83516747155
100007.63946590855
99993.48382440394
99995.7716526761
100014.84179983156
99987.17331813002
99984.97045766379
99996.06350858421
99990.83042802665
99997.85013199867
99971.50581586754
100001.54162765745
99987.18084694748
99996.43864077948
100003.09004790022
99988.45765676296
99988.95054971256
99995.54728653826
100017.56388931269
100000.13192907677
99989.73035975664
99982.58752980469
99984.91822586606
100020.31868728687
100028.26452011926
100007.5631361322
99997.74157418666
99996.81635332205
99993.48722733687
100008.18930161445
100013.11026014453
99966.95711634246
100004.26599481686
100005.25993446226
99952.11897586018
100008.38962710874
100006.92898179113
100000.01363392072
100005.60939747232
100003.50374008453
100012.6302448725
99998.9478175049
100000.56417168424
99997.50934794248
100002.50035236253
100010.85377258943
100000.91472904998
99998.71536324297
99986.5638766755
99986.2359435173
99995.40886435419
100001.52469115666
99994.58433402714
99995.05680915384
100003.5833615169
100011.73744006427
100007.62579938785
99999.50356058936
99979.43869099283
100034.34993445632
100000.2549428898
100022.87174170883
99997.01868984282
99980.44898834948
99967.99888266655
100000.11969768957
100003.2384009826
99993.81950577733
99999.21783148001
99998.06335217101
99999.5946779578
100025.74604261514
100001.61365601102
99999.47558056244
99998.50847801624
99999.6136987749
100014.77904242258
99989.8389628035
100013.5027728076
99996.57838923688
100003.5757056416
100005.62997887356
100006.46103372944
100006.18052556823
100001.83829587321
99997.56438384936
99959.43738451124
99997.56726666467
99993.71594538416
100009.3719583429
100004.12913889071
100001.01334846344
100009.71373840602
100006.02032875842
100004.12725166763
99994.87345899236
99988.13490984977
100001.3749799208
99981.71936993951
99999.11432707618
99981.02269253062
100015.9837463152
99998.81711201882
99986.83964520461
100009.75581337171
99998.0464089932
99973.88593268793
99993.65739973771
100011.5888966022
99992.52471085676
100000.68546676176
100041.53495462662
99992.58423589957
100000.80684176831
99994.94616251992
100001.38071650313
100003.41801845434
100011.7423807367
99995.11784764321
99989.98399534996
100008.58676390951
99998.78887790474
99996.53562142525
100024.27860862899
99981.76916969942
100013.25290792416
99988.05189241373
100013.60843469785
100005.07829677244
99994.4756311249
99998.49545535346
99999.602429957
99992.37655917535
99995.77207338999
99982.5974640851
100004.36777692323
100007.54678356936
100002.46749082816
99983.8367353599
100007.73582551206
100031.4565218433
99980.83295264111
100004.14408082172
100006.76097424922
100003.9113335026
100012.77334624552
100012.60555231044
99997.94158487373
100005.15573912315
99994.8709549615
100003.8072703525
100008.41919955304
99998.42591445935
99994.74916422152
99993.43787407986
99961.42117625622
100017.53010269953
99988.85750171334
100029.88645756313
100001.24637884741
100001.98739995094
100004.91984763833
99979.42247286443
100000.4722469415
99993.8907125182
100054.3686654854
99998.48132899408
99996.57275650419
99999.06056357213
99998.37987450908
100018.5985643103
99991.87444774105
100000.00869911647
100002.19247762261
100006.13248766123
100017.2604713315
99974.15244850195
99996.45735138336
99981.95473995399
100021.52233328334
100005.70465056281
99985.53938064257
99993.50123545775
99995.1499378061
99988.09278561857
99980.42437786543
100002.88276722259
99964.05644904697
100003.79600219576
99974.15774541264
99988.2592350618
99995.7821466459
99988.06063924276
99953.07651005639
100006.07773286008
99998.17504237742
99995.0760014435
100006.4061622193
99985.75312103548
100008.12560838558
100010.3047874441
100010.05101866888
99998.99883577997
100003.45256354522
99998.32403404237
99987.57087823346
100001.42286500249
99994.107247554
100018.8957781973
100004.44522635601
100001.39528306319
100008.9838970824
99999.69643197233
100038.04360750564
99999.8335899266
99959.94197539972
100015.7534797241
100013.78283195203
100014.2784815835
99996.67931875022
100000.33140120261
99986.6377000376
100003.79234202651
100021.00675042295
99990.75147807584
99992.50233314029
100003.05795295537
99992.34685960009
99995.78041779336
99999.83256908612
100000.74975205718
100048.59175714356
100010.00340421606
100020.87508717684
99997.10532777068
99999.02357057553
100003.8264854594
99979.33875826113
100000.71270165048
100005.86650624592
99998.17988380653
99984.86280791152
100017.02177360008
99986.88543745285
100005.7876800843
100000.38550299499
100068.55692124809
100014.28750390706
100003.68758431046
100009.39266151891
100006.43047459598
99986.07811895551
100003.18993303712
100016.59012946613
99999.95313112844
100000.72402279724
99986.40717067891
100009.03503024095
100000.90999036859
100013.9818068579
99994.89580147124
100019.12771766348
100013.66164400459
99983.01890241464
99999.94249716887
100006.18268501654
99991.00657843483
99974.3726870756
99985.31815750014
99995.57308961457
100001.73398234983
100009.33150994491
99992.6346895862
99983.26315764118
100010.21746260153
99993.14416915289
99988.16608179662
100010.53980205396
100009.13573155647
99992.78451973043
100001.5480113501
100000.98122855385
99994.46445778199
100004.10626917113
99991.17058738894
99992.13710843313
100010.60033839385
99992.594282729
99965.91796536413
99981.75186081241
100014.42962350209
100004.5045398021
99992.96846726006
99962.05236344556
99992.56709317875
100007.93468931351
99985.983094778
100000.4031168389
99997.24885952503
99997.02783148241
100008.42355036685
99982.87430857
99995.98138190067
99996.59528783044
100011.4170019842
100012.94071086973
99991.00050565215
99989.0650234253
100002.94002873957
99986.72483493421
99996.90266921336
99996.23597166162
99975.40610891675
100026.49945579114
99983.24598067984
99991.8834906072
100001.02609032746
100029.50056740556
99972.24339369405
100006.68150021844
100005.37102256216
99978.1740160167
100009.72143565812
99942.95508021278
99996.50223023545
100002.75877662188
100006.82379663769
100029.31995347941
99992.92169650842
100002.41215771672
99996.76791952789
100002.04100581423
100011.47153588745
99996.25123268663
99991.4213286013
99981.93917426409
99999.69964934785
99969.9278866196
99993.27912754018
99991.7656893015
99990.2475588826
99996.76596007956
100006.17467546106
100021.86573445862
100009.25195520198
100004.97103913852
99994.33176106989
99999.65470496737
99991.40869055326
100002.59431002931
100010.43426131029
100017.25885142453
100017.3060001889
100013.24508051865
99995.94062314613
100009.52776055051
99976.59644582697
99986.03391242393
100002.6598849123
99998.59742379736
100009.51538073753
100013.06535347721
100005.82596989437
100002.35476354
100006.27630674088
99998.93052559572
99999.97744785156
99987.86556893212
99996.44666737766
99988.29265557589
100001.24215472453
100003.78762607141
99989.81593330775
100006.11980583613
100001.42034564166
100018.26234877293
99966.6263007488
100006.72930411203
100003.41697669143
99991.30109419343
99979.79536289944
100009.76051411626
99996.11010597505
99996.72614433178
99994.71307474627
99998.2688662904
99997.3637013557
99994.0737922607
99985.09576118812
100032.2796825924
99993.31554397187
99995.22678632013
99992.06734437372
99995.78292822857
99992.3721945213
100004.16522314042
99994.07418129257
100007.46103194734
99998.93656835651
100008.09955386381
100002.67956657844
99997.5753829844
99989.46115982358
99992.5682054805
99996.11131677018
99996.01328328898
99994.6119517007
100012.00872789255
99997.46264896302
99981.32851649472
100005.68397161504
100009.8841386573
99997.71426878388
99963.9067648723
99991.99919119196
99979.65601262725
100001.66177479114
100034.46550986511
100019.01630916094
99997.53495979673
100007.43469059745
99995.93225648791
99996.81938273326
100007.13067715065
100000.0127754961
100008.71192904934
100030.2502521869
99935.87037889559
100006.91082199302
99991.89766011474
99997.25687176718
100011.51584301719
100001.42327243583
99972.22411681163
100006.45882801105
100009.95314438338
100014.63308850175
100007.52695822467
99988.55086235312
100002.54107116214
99992.30238058919
99991.47321331082
100014.82583846402
100024.46874352968
99932.44542846737
99976.26154305245
100006.46464041797
100022.36847395988
100002.78110228865
100008.11862767577
99974.35320720114
100000.57305598873
100006.75601924784
100002.28426448227
99967.39647676719
100000.38636886203
99994.74713791879
99997.72200943207
99998.22003908762
99996.53134124106
100035.6853938357
100021.42501357564
100007.40300135042
99999.13654622152
100004.129238587
99985.37236739353
100001.07782504086
100020.94076761558
100002.65063885627
100004.21419350186
99996.41291119333
100031.33019976741
100001.82965278406
100010.2694649705
99999.60796939931
99987.27554962889
99993.88342892099
100005.43975203841
100011.27168880872
99999.28949117693
100000.6784425031
100001.49361131579
99967.30270327943
99978.02947430196
99998.65343347807
99981.55935495814
100008.11184061035
100000.87577575711
99974.58645475858
99992.67723419552
100000.38249603077
100002.8479610141
99999.35532082857
100009.30279454308
99995.35092310648
100001.80201291539
100004.59837573102
99973.30198022917
100004.350731696
99998.79085527085
99958.58058946676
99997.32179468274
99979.67245990975
99991.06291288213
99994.50346060508
99995.26301487532
100012.78672207019
99994.94615571195
99994.98055524209
99996.9522640865
99994.17816696622
99991.7461372367
100006.82387023569
99993.68537251635
99999.38080537373
100019.06743263648
100019.75956900466
100000.40595776733
100007.52262441113
100000.97939930533
99965.65218201524
100022.42578867308
100009.93788035141
99998.72787945224
99998.35857104142
99977.56239228521
99983.96955251679
100002.2242167018
100006.93079111894
99985.14673862563
99972.12104050307
99976.04324076962
99994.82302128329
99999.63952518102
100002.93420123671
100002.96505953568
99983.31314709208
99998.510911783
100000.31500278247
99997.97397820116
100031.15604548063
100001.02461276384
100005.32229593332
100000.64802485325
99986.38341835442
100000.19349976178
99997.66107363543
99993.75560790334
99986.84284925931
100006.50516138115
100007.6096555035
100003.08695690504
99999.17604919443
99994.19245151752
100000.40796485556
100007.2026216918
100017.78077802964
100015.63695180402
100002.75647907644
100018.59220585016
99999.5480535146
99991.24586408309
99999.57902994101
100020.69523083974
100001.88299656993
99998.08304639999
100001.36023804621
99993.46728799354
100006.74892824166
100012.4135410045
99988.31995315361
99976.963048881
99979.33080886843
100000.60418184772
100006.80296963813
99976.91970891626
99978.61911393979
99993.85483005225
99994.74518821792
100033.61025033072
100012.8788384802
99991.01649491453
99995.79597729379
100013.52458758849
100003.59047109367
100006.0693391607
100002.62773201936
99998.88365287728
100020.56451027337
99982.11617020596
100016.40675242594
100001.75262813728
99976.38316017458
99994.9504706069
100019.56299658811
99997.15737537706
100018.97090027435
99979.5420154186
100005.37143539841
99997.21598720043
99981.36322953603
100008.43446805737
100009.50485074008
99972.8731320259
99994.99661392579
100020.7930839348
99984.42828062852
99996.05625277234
100000.78252853091
99998.73033912195
99993.38026802216
99996.03683930052
100019.67475549728
100002.91215062611
100011.73138997953
100015.61263378558
99949.8305333118
99983.80611723398
100022.14159212339
100016.03498930477
100000.0780042986
100000.33253528213
100002.28089843543
100010.11340367743
99994.81764431424
99983.2774965632
99998.3347190266
99994.3820326928
99998.17797872417
99997.02814291057
99994.55721614634
99985.96277400917
99984.9275270588
100000.73866361698
100016.53109348094
100029.9992249747
100000.25879096058
99996.18894440719
100003.79133076663
99999.2957350579
99993.8389352052
99998.41721888988
99977.61760208786
100001.14323678665
99993.00785277452
100001.27620074376
100003.75008213049
99999.97506347115
99988.93503813338
99985.48787910231
99995.19667218452
100002.44220779005
100007.13876406504
100010.79934690973
99982.66726748664
100004.63711251829
100010.48785405824
100002.17285531682
99992.38784722732
100011.42005335473
99995.01568726743
100016.44635161002
99972.5509170775
99982.60302885562
99987.5049980431
99986.91784030842
99997.414643623
100015.80420092707
100004.22883467679
100011.70678217047
100000.92551008477
100002.55365556435
100007.49153035352
100006.79126495667
99992.18759972882
99998.09257714213
100017.831406245
100039.73041512727
99987.18519618844
99992.08216963024
99984.81815591706
99963.10134933783
100001.20619174294
100007.77005205261
99974.15732081566
100043.82968656825
100000.94030676382
100003.0940114196
99980.5859845213
100006.23770486414
100024.17577972486
99980.180754237
99979.46335341125
99999.19436489463
99992.66895548085
100017.92012742911
100011.74780174134
100017.79797011976
100008.52107000185
100010.12545771858
99968.36546187772
100004.45871341307
99993.58272706908
100003.57885726937
99998.28934183856
100002.7229066499
99990.92785100966
100011.26763726515
99995.32645221736
100019.93387056938
100009.24816929272
100027.72479163265
99992.11996974048
99985.48787982747
100004.49372425655
100013.91709766492
99954.38969409569
100016.23487507664
99978.69797918822
99984.42189607957
99998.36130732128
100017.84748970647
100002.26272680341
99998.73356036314
100000.10025602048
100004.1482806296
100016.03914761136
100015.64581564021
99996.53356478416
99984.64249814849
99995.8800210306
99996.43481156237
99987.9891315834
100009.22572140691
100007.56665509928
100006.67441727266
100003.16028491542
100001.3140872481
99996.51752303816
99999.8517197873
99990.70697784654
99966.93201432217
99997.24427721421
100001.17036851982
99998.32596852924
99999.13264924873
100017.38167116852
99995.04457313789
100005.46564884267
100027.15880022499
100005.75506377933
99986.88124144975
99995.0491119544
100003.92918630807
100004.9098724658
99999.21569392017
100012.46177446045
100001.54532115844
100007.64931019323
100000.96723138494
99996.79301995604
99998.57821935571
99971.31986215591
99994.50785599607
99983.70769119592
99999.59775944792
100000.99279092057
100021.34701926085
100014.35619557144
100032.60648758884
99985.79663152182
99997.13391328265
100008.8986364787
99983.82636012473
100019.14006717049
99996.40107673735
99991.1669045191
99996.51266941067
100009.74780851588
100018.18755869787
100005.09668453372
100005.70534574616
100005.19430274196
100020.42041572914
99993.63169906301
99989.28804412496
99996.74451177481
99993.91141112352
100013.0339812906
99991.84103906849
99999.32672195806
99991.83071347998
99991.8930380391
100005.18965612192
100007.56698646875
99991.32845957503
99998.75963855292
100015.9234052981
100006.72792044532
100007.76370842989
100009.6649286662
100007.69721973618
99983.41101146254
99998.0667442001
100015.59456491546
100010.93127230504
100016.99523236667
100011.36440715694
100008.64328758112
100064.87652230199
99996.84877229902
100003.75497121684
99984.43589237149
99997.4327017582
99997.1699409855
99999.9195956245
99981.53688969852
100018.82808511054
99998.44692786138
99992.32064147825
100014.75792564881
99994.13500230134
100001.82367112442
100004.96670254342
99971.08166279223
99997.81542462132
99997.78522361098
99979.27452547482
99997.58634676976
100006.55340012684
99992.12961785571
100010.81381054712
99996.26209111737
100015.5087283203
99984.93838150284
99976.9815300483
100022.09632641364
99994.13262209095
99994.90092270458
99992.56054615111
99989.52001695581
99980.81450488765
99981.29804303798
99986.17323969897
100006.59227333497
100000.19908127455
99997.45300056048
99989.54080052281
100011.43604156676
99994.07859247627
100000.25418690422
100000.46950930516
100032.95511266595
100002.27066508737
100007.02046360684
100007.5087616463
100005.64995837168
99994.67561650269
100012.59735375698
100007.456218553
100015.1659018576
100008.642058294
100004.84343255807
99997.46059242751
100007.77687881532
100060.46125736523
99996.18982600149
100012.15037516432
99987.50656408096
99999.84552194587
100004.31994560492
99980.0519126499
99993.33730752124
99995.57331691183
99979.55213580208
99990.69566482605
99990.59696037747
100000.32085560562
100007.14190078611
99994.73745319882
99977.64228475376
99977.7804150764
99985.5348257097
100006.44471355552
99960.95078006499
100011.5997446333
100007.2817804705
100010.81748236805
99988.45685655386
99956.08569452514
99991.82773140035
100008.4677769175
100004.92010764046
100000.39124780585
100007.14339800934
100027.35068905602
100010.95443811569
100039.03705937255
99997.60448336706
99982.6645469199
100000.66416587659
99985.82543987104
99994.97138999314
100007.49595598396
100016.85618247285
99988.1155799731
99987.9978642461
100002.2470966674
100018.708605818
99995.59958878112
100027.34865569726
100006.27235457912
100006.00748585674
99987.56474790562
100006.020351098
99999.47179176411
100005.85482969027
99975.15729857459
100002.96385468148
100000.09788744089
99993.1707505646
100002.98975362151
100010.4776425575
100007.40747228742
99999.5917467806
100004.7541185138
99976.85038356713
100022.68084814896
100010.65747162847
100003.106809656
99997.7463928048
99995.96906678844
99983.12579928924
100044.29531435107
99992.56597567294
99993.44564754638
99981.10267030435
99992.43199287783
100024.56138062706
100000.32012576073
99996.2135967103
100019.36486640123
99980.88954722483
100000.33551054084
99999.26988443162
99982.86264752482
100015.48758837047
100019.83619358795
100012.13281045866
99991.59707115634
100005.86157175335
99990.61602852457
99968.76470475722
99995.11543319779
99996.49271256069
99980.20125677862
100019.8360663089
100020.76884060624
99995.3677018072
99988.34553185313
100004.9983574612
99987.89117798036
99984.95129345218
99978.71656010968
100011.24773828326
100005.7172947392
99998.24852675918
100001.89246412338
100014.18990630441
99982.51015304304
99927.12086691364
99989.05948965103
100019.2146380032
99959.3341815372
100008.16538010852
99998.2137617866
100001.5049340174
100004.63453932323
99996.23774271432
99999.99389476971
99991.50992933087
100024.91621878195
100010.69666383293
100005.23487900462
100005.2114184958
100010.87286216958
100019.1128798384
99998.4407673697
100011.0431516068
99997.10379018157
99999.86497269638
99999.10959005398
99985.75369064079
100009.28237144636
100047.31127889785
99992.02185644348
100016.7821839753
99993.83889848825
100007.41975335269
99999.24077171882
100005.03887575396
100004.27368876176
100008.36849395258
99998.23551520272
99994.8568705235
100000.17355405488
100000.75275373815
100001.01253168429
99986.2545985656
100001.44873356227
99978.46258559465
99996.66228898324
100008.98382141514
99972.23374501837
99993.4580825039
100010.02861184653
100011.54917567407
99992.56828339084
99991.01281671289
99999.86626569113
99989.31493060288
99989.6130061775
100010.41666436137
99996.55804026894
100002.54342528341
100000.00899238545
99995.74591046786
100013.91233289495
100003.80655742215
100002.07035129516
99992.96874176095
100015.54722612542
99993.79334312123
100059.4179443489
100015.20518755841
99996.89822260792
99995.68239200939
99992.48373968521
100003.33841293132
100022.62052417813
99983.90206481975
100009.71255075173
99997.15013212286
99979.69712724152
100012.21074744729
100024.29419150992
100021.90510740946
100016.23033688132
99997.51674458991
99997.67833529036
99999.36911354997
99998.95404856029
99991.61552659303
99989.91907334811
100020.12936128862
100001.6707559581
100002.56254045674
99997.36564743727
99994.19247339605
100006.27898609513
100007.53994645142
99990.28677081951
99969.00378572498
100007.29644772563
100008.13584578336
100005.02474260326
99981.80031547206
100019.94804231382
99991.16504282368
99999.05531002636
99995.80569785203
99990.03111437657
99998.47314975623
100000.43032039201
99982.07031703077
99988.35602849591
100049.44190033682
100002.51398369935
100000.37866666524
